tweet_id,favorite_count,retweet_count
892420643555336193,35719,7550
892177421306343426,30864,5596
891815181378084864,23211,3705
891689557279858688,39011,7730
891327558926688256,37261,8333
891087950875897856,18786,2794
890971913173991426,10915,1816
890729181411237888,60193,16892
890609185150312448,25841,3848
890240255349198849,29505,6571
890006608113172480,28426,6561
889880896479866881,25861,4466
889665388333682689,44487,8959
889638837579907072,25037,4004
889531135344209921,14052,2022
889278841981685760,23339,4775
888917238123831296,26955,4020
888804989199671297,23649,3791
888554962724278272,18256,3100
888078434458587136,20180,3111
887705289381826560,28045,4837
887517139158093824,42949,10562
887473957103951883,63633,16115
887343217045368832,31181,9400
887101392804085760,28385,5346
886983233522544640,32301,6854
886736880519319552,11083,2866
886680336477933568,20832,4010
886366144734445568,19567,2836
886267009285017600,111,4
886258384151887873,25920,5659
886054160059072513,0,99
885984800019947520,30179,6022
885528943205470208,33300,5726
885518971528720385,18955,3349
885311592912609280,0,16572
885167619883638784,20270,3911
884925521741709313,71310,16159
884876753390489601,25764,4995
884562892145688576,22523,4212
884441805382717440,25099,5103
884247878851493888,67158,18193
884162670584377345,18914,2680
883838122936631299,20233,3073
883482846933004288,42414,8850
883360690899218434,21005,3315
883117836046086144,34344,5964
882992080364220416,22133,3484
882762694511734784,26168,4379
882627270321602560,25938,5446
882268110199369728,41508,10378
882045870035918850,27158,4365
881906580714921986,22558,3049
881666595344535552,46937,9568
881633300179243008,115,7
881536004380872706,45825,14348
881268444196462592,21556,4739
880935762899988482,15851,2503
880872448815771648,19733,3435
880465832366813184,26363,5565
880221127280381952,24994,3732
880095782870896641,25599,3897
879862464715927552,20743,3122
879674319642796034,293,10
879492040517615616,21771,2861
879415818425184262,98062,39972
879376492567855104,15603,2813
879130579576475649,0,6111
879050749262655488,20909,4222
879008229531029506,17645,2406
878776093423087618,17968,3676
878604707211726852,27922,6353
878404777348136964,0,1152
878316110768087041,0,5966
878281511006478336,7172,1152
878057613040115712,39056,6111
877736472329191424,73488,17011
877611172832227328,0,72
877556246731214848,21059,3418
877316821321428993,25452,4675
877201837425926144,25164,5009
876838120628539392,19209,3000
876537666061221889,22023,4221
876484053909872640,17456,2129
876120275196170240,25994,4198
875747767867523072,23348,3846
875144289856114688,20392,4420
875097192612077568,25511,5479
875021211251597312,23711,4245
874680097055178752,25877,4175
874434818259525634,0,13094
874296783580663808,24235,3715
874057562936811520,21148,3593
874012996292530176,31856,9226
873580283840344065,22551,3560
873337748698140672,0,1431
873213775632977920,6667,1431
872967104147763200,25376,4896
872820683541237760,13738,3363
872620804844003328,19329,3297
872486979161796608,38023,8192
872122724285648897,31950,7332
871879754684805121,35044,9922
871762521631449091,18872,3163
871515927908634625,18841,3152
871166179821445120,0,5190
871102520638267392,19548,5003
871032628920680449,21251,3465
870804317367881728,31477,5633
870726314365509632,114,3
870656317836468226,11527,2386
870374049280663552,77717,24178
870308999962521604,20510,3774
870063196459192321,34183,7565
869772420881756160,39909,9259
869702957897576449,26432,5751
869596645499047938,14964,2847
869227993411051520,19148,3440
868880397819494401,61301,13168
868639477480148993,0,1892
868622495443632128,25008,4836
868552278524837888,9452,1892
867900495410671616,22753,3830
867774946302451713,31895,6722
867421006826221569,15125,2285
867072653475098625,0,110
867051520902168576,30290,7244
866720684873056260,18822,4403
866686824827068416,18105,3195
866450705531457537,115009,32395
866334964761202691,49224,13094
866094527597207552,0,7704
865718153858494464,24185,5180
865359393868664832,24925,4608
865006731092295680,26421,7103
864873206498414592,30417,8007
864279568663928832,13758,2779
864197398364647424,28254,8162
863907417377173506,19442,3823
863553081350529029,14411,3872
863471782782697472,0,2245
863432100342583297,22455,4847
863427515083354112,2081,89
863079547188785154,8298,1027
863062471531167744,7979,2245
862831371563274240,18143,4772
862722525377298433,16192,3283
862457590147678208,19302,4563
862096992088072192,70184,21460
861383897657036800,34152,9932
861288531465048066,16250,3835
861005113778896900,15807,3544
860981674716409858,0,1993
860924035999428608,0,741
860563773140209665,7109,1993
860524505164394496,22440,4938
860276583193509888,17451,3271
860184849394610176,15817,5446
860177593139703809,0,28813
859924526012018688,18623,3836
859851578198683649,14685,3281
859607811541651456,17728,1455
859196978902773760,85398,28158
859074603037188101,32149,12743
858860390427611136,0,7592
858843525470990336,14865,3249
858471635011153920,20520,4551
858107933456039936,15029,2714
857989990357356544,15339,2433
857746408056729600,32686,9985
857393404942143489,5620,1546
857263160327368704,19169,4256
857214891891077121,214,17
857062103051644929,0,157
857029823797047296,18024,3743
856543823941562368,15647,2718
856526610513747968,11366,1774
856330835276025856,0,632
856288084350160898,492,15
856282028240666624,26582,5940
855862651834028034,323,24
855860136149123072,4697,925
855857698524602368,11381,1991
855851453814013952,43968,17115
855818117272018944,25597,5139
855459453768019968,28609,7794
855245323840757760,0,5641
855138241867124737,0,43
854732716440526848,21870,5757
854482394044301312,28131,6499
854365224396361728,18192,4460
854120357044912130,30824,7099
854010172552949760,15668,3002
853760880890318849,27572,5475
853639147608842240,33447,9544
853299958564483072,14958,3397
852936405516943360,0,1895
852912242202992640,8717,1729
852672615818899456,14428,2065
852553447878664193,15776,3321
852311364735569921,32081,9518
852226086759018497,19378,6563
852189679701164033,11116,1527
851861385021730816,0,19
851591660324737024,15785,3327
851464819735769094,23555,6784
851224888060895234,20105,5522
850753642995093505,29900,8752
850380195714523136,12747,2505
850333567704068097,3361,315
850145622816686080,15907,3659
850019790995546112,19861,4691
849776966551130114,29581,7304
849668094696017920,0,4770
849412302885593088,15469,3039
849336543269576704,11136,1829
849051919805034497,41271,8178
848690551926992896,24570,4176
848324959059550208,24106,4469
848213670039564288,7971,699
848212111729840128,15936,2923
847978865427394560,0,3154
847971574464610304,0,420
847962785489326080,22984,4901
847842811428974592,5314,1283
847617282490613760,6829,401
847606175596138505,18363,3326
847251039262605312,20048,4192
847157206088847362,19461,5683
847116187444137987,21012,3087
846874817362120707,19663,3802
846514051647705089,43622,11170
846505985330044928,13803,2973
846153765933735936,30911,8760
846139713627017216,30421,9745
846042936437604353,15649,2778
845812042753855489,28624,8420
845677943972139009,24704,4670
845397057150107648,7481,1743
845306882940190720,22876,5236
845098359547420673,0,7445
844979544864018432,13387,2473
844973813909606400,14795,3092
844580511645339650,16167,3035
844223788422217728,13425,2133
843981021012017153,14910,2875
843856843873095681,21077,4504
843604394117681152,16595,2669
843235543001513987,21135,5872
842846295480000512,15036,3542
842765311967449089,6625,1244
842535590457499648,17818,3424
842163532590374912,24044,5641
842115215311396866,13759,2958
841833993020538882,0,14681
841680585030541313,25353,7633
841439858740625411,12454,3592
841320156043304961,19507,5376
841314665196081154,15631,4535
841077006473256960,22512,5190
840761248237133825,0,1728
840728873075638272,0,15724
840698636975636481,172,2
840696689258311684,12121,949
840632337062862849,8867,1728
840370681858686976,16216,4454
840268004936019968,18999,5598
839990271299457024,13237,2227
839549326359670784,27095,7592
839290600511926273,0,140
839239871831150596,26747,6402
838952994649550848,19402,3912
838921590096166913,10992,2008
838916489579200512,0,34
838831947270979586,0,10790
838561493054533637,10826,1311
838476387338051585,22210,4679
838201503651401729,0,9841
838150277551247360,1650,325
838085839343206401,138,1
838083903487373313,17418,3065
837820167694528512,33648,7704
837482249356513284,3820,437
837471256429613056,12644,2232
837110210464448512,15877,2325
836989968035819520,12613,2261
836753516572119041,19146,4562
836677758902222849,12484,2194
836648853927522308,0,548
836397794269200385,0,27038
836380477523124226,14621,2938
836260088725786625,21110,4237
836001077879255040,18890,4188
835685285446955009,0,8003
835574547218894849,17623,3561
835536468978302976,0,1666
835309094223372289,0,20591
835297930240217089,16318,2961
835264098648616962,7664,1666
835246439529840640,2081,72
835172783151792128,25927,5680
835152434251116546,22180,2957
834931633769889797,10708,1614
834786237630337024,21221,5422
834574053763584002,13518,2488
834477809192075265,0,10479
834458053273591808,9544,1652
834209720923721728,20391,4675
834167344700198914,15696,3608
834089966724603904,9953,2103
834086379323871233,12953,2182
833863086058651648,13331,2373
833826103416520705,17931,3726
833732339549220864,0,220
833722901757046785,20659,3178
833479644947025920,14751,2023
833124694597443584,20030,4770
832998151111966721,13147,2169
832769181346996225,0,39
832757312314028032,16736,3575
832682457690300417,11782,2873
832645525019123713,2908,524
832636094638288896,15730,2747
832397543355072512,11882,2190
832369877331693569,17076,3154
832273440279240704,11273,2314
832215909146226688,0,6135
832215726631055365,0,9207
832088576586297345,62,2
832040443403784192,0,9497
832032802820481025,17736,4609
831939777352105988,23818,6059
831926988323639298,334,34
831911600680497154,27399,6421
831670449226514432,10360,1795
831650051525054464,7076,1895
831552930092285952,8911,2295
831322785565769729,9217,1535
831315979191906304,6497,1115
831309418084069378,11674,2433
831262627380748289,11828,2017
830956169170665475,7925,1480
830583320585068544,66351,16572
830173239259324417,0,5624
830097400375152640,9727,2905
829878982036299777,0,4943
829861396166877184,12172,1917
829501995190984704,31556,10479
829449946868879360,10402,1991
829141528400556032,24250,7248
829011960981237760,52930,16174
828801551087042563,0,3391
828770345708580865,25466,5804
828708714936930305,36298,11065
828650029636317184,9461,1327
828409743546925057,6322,1157
828408677031882754,7640,1278
828381636999917570,12533,2195
828376505180889089,7341,1059
828372645993398273,12520,2905
828361771580813312,2179,173
828046555563323392,11701,2846
828011680017821696,10304,2131
827933404142436356,19992,5195
827653905312006145,15431,3000
827600520311402496,7438,933
827324948884643840,15787,3008
827199976799354881,10539,2207
826958653328592898,21488,4943
826848821049180160,36185,10064
826615380357632002,0,3956
826598799820865537,5105,249
826598365270007810,10003,2318
826476773533745153,18339,4153
826240494070030336,13244,2589
826204788643753985,4864,915
826115272272650244,15600,3080
825876512159186944,10452,1855
825829644528148480,12700,2473
825535076884762624,56712,17463
825147591692263424,18239,4509
825120256414846976,0,1242
825026590719483904,6278,1242
824796380199809024,0,5466
824775126675836928,14860,3488
824663926340194305,10491,1761
824325613288833024,11807,10492
824297048279236611,15028,3833
824025158776213504,4822,597
823939628516474880,10610,2692
823719002937630720,0,11122
823699002998870016,13967,2507
823581115634085888,12998,2610
823333489516937216,701,24
823322678127919110,15706,3995
823269594223824897,0,9830
822975315408461824,17298,3426
822872901745569793,131313,42979
822859134160621569,13236,2264
822647212903690241,0,6377
822610361945911296,14792,2941
822489057087389700,18130,6377
822462944365645825,27943,14205
822244816520155136,34916,9830
822163064745328640,0,4743
821886076407029760,11309,2291
821813639212650496,0,3356
821765923262631936,8411,1653
821522889702862852,8043,1753
821421320206483457,0,5560
821407182352777218,11759,4325
821153421864615936,256,10
821149554670182400,8628,1970
821107785811234820,9603,2132
821044531881721856,12665,2272
820837357901512704,0,6700
820749716845686786,31528,9841
820690176645140481,12219,3215
820494788566847489,0,564
820446719150292993,0,2558
820314633777061888,3352,564
820078625395449857,19830,6263
820013781606658049,0,1172
819952236453363712,5333,1172
819924195358416896,12933,4871
819711362133872643,13380,3100
819588359383371776,9669,1983
819347104292290561,7221,1202
819238181065359361,2274,406
819227688460238848,23091,6700
819015337530290176,0,36817
819015331746349057,0,18942
819006400881917954,45393,18942
819004803107983360,87008,36817
818646164899774465,0,20946
818627210458333184,22441,7530
818614493328580609,9850,2549
818588835076603904,0,6119
818536468981415936,10905,2450
818307523543449600,0,8056
818259473185828864,11032,2261
818145370475810820,12291,2566
817908911860748288,4869,802
817827839487737858,51673,27038
817777686764523521,10779,2681
817536400337801217,11795,2957
817502432452313088,0,3382
817423860136083457,33867,14681
817415592588222464,5611,943
817181837579653120,0,8462
817171292965273600,8788,2020
817120970343411712,12246,2595
817056546584727552,8612,1641
816829038950027264,0,4720
816816676327063552,10033,2036
816697700272001025,9804,2184
816450570814898180,30480,8056
816336735214911488,8626,1945
816091915477250048,8967,2137
816062466425819140,0,1015
816014286006976512,0,5263
815990720817401858,4962,1015
815966073409433600,22474,8462
815745968457060357,0,4128
815736392542261248,9876,2261
815639385530101762,8252,1650
815390420867969024,10393,3812
814986499976527872,7690,1277
814638523311648768,11308,2696
814578408554463233,0,5840
814530161257443328,8672,1864
814153002265309185,28868,8688
813944609378369540,0,3191
813910438903693312,9343,1868
813812741911748608,36559,13993
813800681631023104,8366,1762
813217897535406080,18720,7304
813202720496779264,9279,1821
813187593374461952,19944,4357
813172488309972993,9310,1928
813157409116065792,7814,2218
813142292504645637,8523,2391
813130366689148928,4497,451
813127251579564032,11893,3142
813112105746448384,10355,2750
813096984823349248,10637,3640
813081950185472002,9946,2797
813066809284972545,7993,1962
813051746834595840,21104,7387
812781120811126785,7606,1912
812709060537683968,6648,1438
812503143955202048,6103,1223
812466873996607488,8005,1941
812372279581671427,13718,3667
811985624773361665,7307,1404
811744202451197953,7579,1599
811647686436880384,5646,745
811627233043480576,12837,3087
811386762094317568,21035,6413
810984652412424192,5365,1447
810896069567610880,9058,1778
810657578271330305,11033,2657
810284430598270976,35433,11316
810254108431155201,14779,3391
809920764300447744,15646,3956
809808892968534016,0,4905
809448704142938112,6981,1472
809220051211603969,20041,5624
809084759137812480,13321,3553
808838249661788160,10183,3051
808733504066486276,7955,2178
808501579447930884,11395,2610
808344865868283904,42821,20946
808134635716833280,0,5944
808106460588765185,8854,2221
808001312164028416,12612,3556
807621403335917568,14679,3628
807106840509214720,118912,55609
807059379405148160,0,7377
807010152071229440,13170,3883
806629075125202948,75122,34784
806620845233815552,0,5562
806576416489959424,4935,1965
806542213899489280,10294,2371
806242860592926720,0,11666
806219024703037440,6491,1198
805958939288408065,0,5395
805932879469572096,8339,1932
805826884734976000,6607,1831
805823200554876929,0,8046
805520635690676224,5800,1666
805487436403003392,8859,2539
805207613751304193,7893,1728
804738756058218496,13799,3830
804475857670639616,6174,2020
804413760345620481,0,3251
804026241225523202,44738,16207
803773340896923648,10136,2758
803692223237865472,0,7470
803638050916102144,11030,4170
803380650405482500,7827,1882
803321560782307329,0,5352
803276597545603072,10105,2469
802952499103731712,9079,2011
802624713319034886,0,2931
802600418706604034,7160,1479
802572683846291456,9007,2520
802323869084381190,16301,5856
802265048156610565,6803,1383
802239329049477120,9148,2636
802185808107208704,0,273
801958328846974976,7814,1727
801854953262350336,1800,237
801538201127157760,8289,2081
801285448605831168,6094,821
801167903437357056,24615,5944
801127390143516673,0,3975
801115127852503040,8132,2109
800859414831898624,693,98
800855607700029440,0,1621
800751577355128832,10649,2812
800513324630806528,13213,3007
800459316964663297,9581,2183
800443802682937345,0,4341
800388270626521089,11222,2826
800188575492947969,0,3972
800141422401830912,15387,2558
800018252395122689,28566,13232
799774291445383169,0,4714
799757965289017345,8457,2178
799422933579902976,8138,1937
799308762079035393,0,5496
799297110730567681,9950,2775
799063482566066176,8134,2487
798933969379225600,13173,4482
798925684722855936,7563,1449
798705661114773508,0,6684
798701998996647937,0,7825
798697898615730177,0,6571
798694562394996736,0,4981
798686750113755136,0,2351
798682547630837760,0,4757
798673117451325440,0,5585
798665375516884993,0,3931
798644042770751489,0,1867
798628517273620480,0,1990
798585098161549313,0,5721
798576900688019456,0,5889
798340744599797760,0,3350
798209839306514432,10500,2578
797971864723324932,11669,3118
797545162159308800,14662,4891
797236660651966464,20103,6618
797165961484890113,226,26
796904159865868288,0,8974
796865951799083009,7741,1935
796759840936919040,11909,3044
796563435802726400,0,7298
796484825502875648,7626,1768
796387464403357696,11079,4161
796177847564038144,0,14351
796149749086875649,32455,14351
796125600683540480,5013,1817
796116448414461957,9159,2428
796080075804475393,8526,2318
796031486298386433,10879,3732
795464331001561088,49892,23688
795400264262053889,10132,2884
795076730285391872,16307,5466
794983741416415232,0,3387
794926597468000259,10307,2316
794355576146903043,0,10326
794332329137291264,9654,2698
794205286408003585,9289,3332
793962221541933056,16949,4905
793845145112371200,9293,1875
793614319594401792,0,3151
793601777308463104,8034,1630
793500921481273345,10737,2378
793286476301799424,24750,9207
793271401113350145,8760,2404
793256262322548741,20101,8376
793241302385262592,10575,3307
793226087023144960,9900,2898
793210959003287553,8996,2807
793195938047070209,15364,5656
793180763617361921,6988,2011
793165685325201412,9461,2803
793150605191548928,6222,1713
793135492858580992,6456,2507
793120401413079041,12746,3943
792913359805018113,14429,4004
792883833364439040,11369,4286
792773781206999040,7407,1687
792394556390137856,13524,4313
792050063153438720,7203,1804
791821351946420224,0,21196
791784077045166082,0,9616
791780927877898241,0,3841
791774931465953280,45401,22295
791672322847637504,11825,3151
791406955684368384,13226,4128
791312159183634433,8848,2545
791026214425268224,0,4115
790987426131050500,9895,2143
790946055508652032,16760,4720
790723298204217344,0,2322
790698755171364864,8279,1931
790581949425475584,20784,7171
790337589677002753,7871,1889
790277117346975746,12645,3191
790227638568808452,0,3582
789986466051088384,9312,2322
789960241177853952,0,4138
789903600034189313,10420,4159
789628658055020548,7540,1778
789599242079838210,6804,1936
789530877013393408,11797,3387
789314372632018944,8714,2310
789280767834746880,0,4953
789268448748703744,9181,2621
789137962068021249,9787,2802
788908386943430656,27594,12533
788765914992902144,27502,10326
788552643979468800,0,7208
788412144018661376,15638,5279
788178268662984705,7267,2102
788150585577050112,6158,1292
788070120937619456,0,3438
788039637453406209,6169,1321
787810552592695296,8663,3062
787717603741622272,10318,2784
787397959788929025,10957,2856
787322443945877504,7819,1749
787111942498508800,0,6781
786963064373534720,26773,8003
786729988674449408,0,2430
786709082849828864,18307,6135
786664955043049472,10644,2555
786595970293370880,9498,3133
786363235746385920,10948,3508
786286427768250368,8012,2843
786233965241827333,15327,4743
786051337297522688,1429,155
786036967502913536,0,7024
785927819176054784,11436,3199
785872687017132033,6729,1812
785639753186217984,7891,2248
785533386513321988,9155,2002
785515384317313025,6150,1263
785264754247995392,7293,1629
785170936622350336,12086,4840
784826020293709826,10146,3251
784517518371221505,8999,2538
784431430411685888,5738,1273
784183165795655680,20145,8046
784057939640352768,29860,11122
783839966405230592,30137,10790
783821107061198850,7388,1979
783695101801398276,10508,3211
783466772167098368,8492,2244
783391753726550016,16948,5477
783347506784731136,0,5548
783334639985389568,29234,11666
783085703974514689,8183,2203
782969140009107456,24212,7377
782747134529531904,7487,1409
782722598790725632,17316,5395
782598640137187329,7817,1875
782305867769217024,16679,5560
782021823840026624,0,6197
781955203444699136,11155,3369
781661882474196992,10456,2717
781655249211752448,3999,1131
781524693396357120,20804,5562
781308096455073793,7159,2555
781251288990355457,8460,2079
781163403222056960,9831,2748
780931614150983680,21664,7298
780858289093574656,7204,2013
780800785462489090,5492,1301
780601303617732608,12138,3356
780543529827336192,6311,1745
780496263422808064,0,3680
780476555013349377,0,112
780459368902959104,5307,1079
780192070812196864,8713,2236
780092040432480260,0,2293
780074436359819264,12174,4949
779834332596887552,18908,7024
779377524342161408,8809,3107
779124354206535695,0,18247
779056095788752897,14763,4534
778990705243029504,19966,7175
778774459159379968,0,9858
778764940568104960,870,361
778748913645780993,6899,1304
778650543019483137,5777,1494
778624900596654080,4642,1008
778408200802557953,13632,4313
778396591732486144,0,12190
778383385161035776,5832,1102
778286810187399168,10378,3283
778039087836069888,8507,2638
778027034220126208,6544,1607
777953400541634568,0,3517
777885040357281792,6345,1628
777684233540206592,11234,2931
777641927919427584,0,4219
777621514455814149,8743,2499
777189768882946048,14269,4292
776819012571455488,0,13617
776813020089548800,4875,1206
776477788987613185,8820,2768
776249906839351296,0,9082
776218204058357768,29860,15796
776201521193218049,9612,2512
776113305656188928,11746,4341
776088319444877312,1843,151
775898661951791106,0,16460
775842724423557120,11704,2646
775733305207554048,13869,3975
775729183532220416,12987,4587
775364825476165632,7394,2955
775350846108426240,10148,3892
775085132600442880,15536,4714
774757898236878852,8599,1784
774639387460112384,6725,1723
774314403806253056,21739,5496
773985732834758656,10708,3837
773922284943896577,6393,1744
773704687002451968,6589,1620
773670353721753600,5353,1307
773547596996571136,22068,6119
773336787167145985,0,5044
773308824254029826,23271,7445
773247561583001600,9445,3240
773191612633579521,9965,4106
772877495989305348,8532,3859
772826264096874500,8022,2338
772615324260794368,0,3361
772581559778025472,6471,1693
772193107915964416,6021,1383
772152991789019136,3796,1125
772117678702071809,3765,737
772114945936949249,2724,466
772102971039580160,3982,938
771908950375665664,6570,1894
771770456517009408,11978,3350
771500966810099713,8234,2600
771380798096281600,10443,5044
771171053431250945,0,7404
771136648247640064,9117,2908
771102124360998913,6215,1432
771014301343748096,6842,1645
770787852854652928,4909,1195
770772759874076672,5148,1410
770655142660169732,7311,1757
770414278348247044,6309,2090
770293558247038976,6217,1464
770093767776997377,0,3032
770069151037685760,7566,2282
769940425801170949,31220,9497
769695466921623552,6393,1674
769335591808995329,0,7683
769212283578875904,5371,1708
768970937022709760,14295,6464
768909767477751808,0,2653
768855141948723200,4180,880
768609597686943744,4095,1197
768596291618299904,5016,1275
768554158521745409,0,5801
768473857036525572,13572,3397
768193404517830656,10826,3517
767884188863397888,4720,1372
767754930266464257,15936,5352
767500508068192258,7478,2329
767191397493538821,12260,3730
767122157629476866,10143,2839
766864461642756096,0,5590
766793450729734144,5042,1348
766714921925144576,2606,375
766693177336135680,3991,788
766423258543644672,5978,1572
766313316352462849,6760,1875
766078092750233600,0,2599
766069199026450432,4207,846
766008592277377025,3727,494
765719909049503744,7198,2136
765669560888528897,5162,1217
765395769549590528,26511,3360
765371061932261376,7035,2151
765222098633691136,11583,3361
764857477905154048,6419,1762
764259802650378240,5986,1491
763956972077010945,759,54
763837565564780549,12497,4115
763183847194451968,5349,1455
763167063695355904,0,2978
763103485927849985,7328,2276
762699858130116608,12072,3582
762471784394268675,11154,6360
762464539388485633,10224,4138
762316489655476224,4768,1112
762035686371364864,31671,15419
761976711479193600,5371,1990
761750502866649088,0,3873
761745352076779520,4248,858
761672994376806400,49187,28813
761599872357261312,4107,1182
761371037149827077,0,17915
761334018830917632,5161,1438
761292947749015552,4461,1074
761227390836215808,5295,1548
761004547850530816,11257,3438
760893934457552897,3793,965
760656994973933572,6541,1890
760641137271070720,4948,1282
760539183865880579,7522,3587
760521673607086080,4183,1376
760290219849637889,26612,11357
760252756032651264,3928,862
760190180481531904,5660,1779
760153949710192640,0,30
759943073749200896,5907,2057
759923798737051648,14585,5590
759846353224826880,6687,1946
759793422261743616,5912,1885
759557299618865152,4657,1172
759447681597108224,8416,2430
759446261539934208,1660,480
759197388317847553,6031,1927
759159934323924993,0,1143
759099523532779520,14401,4119
759047813560868866,6434,1986
758854675097526272,3521,887
758828659922702336,11139,3797
758740312047005698,5696,1599
758474966123810816,3773,988
758467244762497024,4749,2186
758405701903519748,5166,1884
758355060040593408,3371,1056
758099635764359168,18905,9858
758041019896193024,2681,368
757741869644341248,6835,3213
757729163776290825,0,7817
757725642876129280,4509,1195
757611664640446465,4538,1091
757597904299253760,0,297
757596066325864448,4299,1041
757400162377592832,15004,6764
757393109802180609,5767,1719
757354760399941633,4484,1404
756998049151549440,6227,1964
756939218950160384,6590,1985
756651752796094464,5003,1283
756526248105566208,10339,3538
756303284449767430,3891,1087
756288534030475264,43639,17478
756275833623502848,6352,1513
755955933503782912,7259,2843
755206590534418437,16299,5294
755110668769038337,20994,10960
754874841593970688,0,7798
754856583969079297,6851,2479
754747087846248448,2567,513
754482103782404096,5243,1929
754449512966619136,3712,723
754120377874386944,7822,2327
753655901052166144,5788,2147
753420520834629632,7832,3509
753398408988139520,5692,1873
753375668877008896,7579,2293
753298634498793472,0,5621
753294487569522689,3337,1026
753039830821511168,36765,20591
753026973505581056,3890,949
752932432744185856,12506,6781
752917284578922496,6879,1555
752701944171524096,0,2819
752682090207055872,5953,1573
752660715232722944,4341,1538
752568224206688256,5445,2248
752519690950500352,7303,3398
752334515931054080,3784,1079
752309394570878976,0,16024
752173152931807232,5901,1808
751950017322246144,3033,900
751937170840121344,5142,1308
751830394383790080,5758,1919
751793661361422336,5764,2860
751598357617971201,7839,3007
751583847268179968,4342,1087
751538714308972544,4989,1242
751456908746354688,3180,989
751251247299190784,12381,5791
751205363882532864,6265,1789
751132876104687617,5014,1285
750868782890057730,4729,1345
750719632563142656,13044,4953
750506206503038976,4397,1129
750429297815552001,13036,4219
750383411068534784,4518,1132
750381685133418496,687,27
750147208377409536,3074,944
750132105863102464,3570,1276
750117059602808832,4285,1289
750101899009982464,3012,827
750086836815486976,2148,524
750071704093859840,7745,3271
750056684286914561,3131,883
750041628174217216,3135,604
750026558547456000,2694,774
750011400160841729,3211,893
749996283729883136,3032,802
749981277374128128,5071,2428
749774190421639168,4619,1301
749417653287129088,6047,1620
749403093750648834,2594,529
749395845976588288,8472,3385
749317047558017024,5437,2208
749075273010798592,5696,2049
749064354620928000,4757,1500
749036806121881602,3061,785
748977405889503236,10653,3345
748932637671223296,5744,2210
748705597323898880,2745,936
748699167502000129,4686,1555
748692773788876800,4197,1315
748575535303884801,5994,1947
748568946752774144,2174,663
748346686624440324,5151,1215
748337862848962560,7538,4033
748324050481647620,3635,744
748307329658011649,3631,700
748220828303695873,13960,7646
747963614829678593,5706,2101
747933425676525569,6529,2501
747885874273214464,2896,951
747844099428986880,2785,734
747816857231626240,4782,1142
747651430853525504,1371,152
747648653817413632,12722,5758
747600769478692864,2297,549
747594051852075008,3626,1043
747512671126323200,5454,1585
747461612269887489,3822,1026
747439450712596480,5353,1885
747242308580548608,0,2866
747219827526344708,5185,1540
747204161125646336,3326,902
747103485104099331,9434,3907
746906459439529985,2862,292
746872823977771008,5903,2099
746818907684614144,5256,1712
746790600704425984,4800,1573
746757706116112384,9438,3841
746726898085036033,5965,1761
746542875601690625,4964,1849
746521445350707200,0,968
746507379341139972,4591,1070
746369468511756288,6105,1607
746131877086527488,6811,2160
746056683365994496,3516,801
745789745784041472,3963,1049
745712589599014916,6902,2287
745433870967832576,6978,2490
745422732645535745,8454,2390
745314880350101504,7081,2705
745074613265149952,7715,3412
745057283344719872,7165,2206
744995568523612160,2933,602
744971049620602880,7760,2640
744709971296780288,5525,1536
744334592493166593,6687,2066
744234799360020481,153975,76277
744223424764059648,1638,356
743980027717509120,4108,1073
743895849529389061,3599,949
743835915802583040,0,2029
743609206067040256,4398,1355
743595368194129920,18052,6394
743545585370791937,3475,922
743510151680958465,7814,3666
743253157753532416,4159,1199
743222593470234624,6097,1875
743210557239623680,3780,1337
742534281772302336,6962,3506
742528092657332225,4350,1931
742465774154047488,7142,3847
742423170473463808,9669,3680
742385895052087300,6696,1924
742161199639494656,4254,1340
742150209887731712,5032,1515
741793263812808706,4470,1484
741743634094141440,8043,2689
741438259667034112,3628,808
741303864243200000,8638,3140
741099773336379392,9822,5401
741067306818797568,9368,3032
740995100998766593,6250,2676
740711788199743490,3348,917
740699697422163968,2799,765
740676976021798912,17863,6684
740373189193256964,34464,13053
740365076218183684,2419,422
740359016048689152,3243,848
740214038584557568,6581,1922
739979191639244800,19617,5801
739932936087216128,3987,1055
739844404073074688,3743,842
739623569819336705,3703,1330
739606147276148736,5296,1619
739544079319588864,38814,20765
739485634323156992,7032,2865
739238157791694849,113824,56731
738891149612572673,108,6
738885046782832640,3710,1119
738883359779196928,3242,774
738537504001953792,4997,1495
738402415918125056,3199,810
738184450748633089,4245,1190
738166403467907072,8620,3280
738156290900254721,2458,626
737826014890496000,5169,1729
737800304142471168,9812,3385
737678689543020544,4953,1280
737445876994609152,10059,4354
737322739594330112,3541,795
737310737551491075,14385,7254
736736130620620800,4169,1690
736392552031657984,17374,7208
736365877722001409,3896,1211
736225175608430592,7962,2719
736010884653420544,7735,2909
735991953473572864,3523,1120
735648611367784448,3962,1080
735635087207878657,6050,2298
735274964362878976,12785,4909
735256018284875776,3260,859
735137028879360001,3071,950
734912297295085568,2697,516
734787690684657664,12289,6151
734776360183431168,2457,526
734559631394082816,1458,387
733828123016450049,3510,760
733822306246479872,3591,1000
733482008106668032,3077,925
733460102733135873,4108,1249
733109485275860992,49254,16460
732732193018155009,2386,524
732726085725589504,3486,872
732585889486888962,3598,761
732375214819057664,7920,2456
732005617171337216,14595,5263
731285275100512256,3418,974
731156023742988288,3763,1237
730924654643314689,6021,1933
730573383004487680,4787,2084
730427201120833536,3420,1021
730211855403241472,3745,1035
730196704625098752,4740,1847
729854734790754305,3953,1097
729838605770891264,1688,372
729823566028484608,3893,1219
729463711119904772,5673,2266
729113531270991872,1839,312
728986383096946689,3080,801
728760639972315136,4575,1661
728751179681943552,2707,663
728653952833728512,3242,1010
728409960103686147,4802,1946
728387165835677696,3624,940
728046963732717569,4209,1170
728035342121635841,4464,1628
728015554473250816,4043,1083
727685679342333952,2904,628
727644517743104000,5741,1701
727524757080539137,4386,1187
727314416056803329,3270,721
727286334147182592,2991,793
727175381690781696,3834,1354
727155742655025152,3553,1296
726935089318363137,6730,2376
726887082820554753,3751,1486
726828223124897792,3491,978
726224900189511680,4332,1116
725842289046749185,6927,2599
725786712245440512,4089,1338
725729321944506368,5100,1740
725458796924002305,1390,601
724983749226668032,3657,1277
724771698126512129,2296,620
724405726123311104,5171,1611
724049859469295616,4243,1733
724046343203856385,2606,543
724004602748780546,4106,1504
723912936180330496,3803,1205
723688335806480385,7512,2860
723673163800948736,2953,866
723179728551723008,5189,1816
722974582966214656,4022,1528
722613351520608256,4862,1598
721503162398597120,4522,1784
721001180231503872,2478,596
720785406564900865,3049,748
720775346191278080,2408,643
720415127506415616,4041,1460
720389942216527872,6227,2439
720340705894408192,2806,951
720059472081784833,3786,1099
720043174954147842,4812,1956
719991154352222208,4734,1695
719704490224398336,4440,1388
719551379208073216,4943,1846
719367763014393856,2735,727
719339463458033665,4343,1199
719332531645071360,3355,923
718971898235854848,3417,1048
718939241951195136,5138,1712
718631497683582976,18476,7825
718613305783398402,2387,470
718540630683709445,2400,992
718460005985447936,2642,512
718454725339934721,4765,1477
718246886998687744,1867,484
718234618122661888,3793,962
717841801130979328,2402,590
717790033953034240,2821,1082
717537687239008257,5649,1804
717428917016076293,1578,435
717421804990701568,3091,818
717047459982213120,6158,1880
717009362452090881,3174,939
716802964044845056,4190,1143
716791146589110272,8002,1540
716730379797970944,1207,416
716447146686459905,12773,5720
716439118184652801,2330,203
716285507865542656,2709,1027
716080869887381504,6635,1850
715928423106027520,3124,855
715758151270801409,3641,1399
715733265223708672,4559,1649
715704790270025728,2729,556
715696743237730304,3829,1259
715680795826982913,4208,1568
715360349751484417,5358,1525
715342466308784130,2986,675
715220193576927233,2373,632
715200624753819648,5037,1831
715009755312439296,4066,1194
714982300363173890,3651,1008
714962719905021952,7201,4147
714957620017307648,4058,1374
714631576617938945,3209,968
714606013974974464,3552,903
714485234495041536,2621,1098
714258258790387713,2970,707
714251586676113411,3205,816
714214115368108032,2227,849
714141408463036416,4232,1360
713919462244790272,3227,776
713909862279876608,1857,526
713900603437621249,2778,721
713761197720473600,4764,1337
713411074226274305,4345,1272
713177543487135744,7076,2780
713175907180089344,4367,1439
712809025985978368,18668,6571
712717840512598017,12084,4842
712668654853337088,4097,1187
712438159032893441,5212,1526
712309440758808576,237,25
712097430750289920,3706,1008
712092745624633345,2881,863
712085617388212225,3214,475
712065007010385924,2215,606
711998809858043904,0,125
711968124745228288,7889,2245
711743778164514816,2783,966
711732680602345472,8645,3994
711694788429553666,32197,17915
711652651650457602,3777,893
711363825979756544,3569,1104
711306686208872448,3235,718
711008018775851008,2938,595
710997087345876993,4478,1350
710844581445812225,2495,667
710833117892898816,2636,518
710658690886586372,2259,546
710609963652087808,4699,2318
710588934686908417,4442,1817
710296729921429505,2325,718
710283270106132480,2108,510
710272297844797440,4437,1220
710269109699739648,2344,1088
710153181850935296,2854,871
710140971284037632,2704,856
710117014656950272,5362,1939
709918798883774466,3426,1066
709901256215666688,649,99
709852847387627521,3443,1175
709566166965075968,3477,1174
709556954897764353,3224,1046
709519240576036864,1468,231
709449600415961088,2174,558
709409458133323776,2561,664
709225125749587968,2370,562
709207347839836162,12264,5636
709198395643068416,2395,631
709179584944730112,1966,656
709158332880297985,1999,407
709042156699303936,4639,1590
708853462201716736,1771,646
708845821941387268,2924,876
708834316713893888,1654,491
708810915978854401,16147,6764
708738143638450176,2699,791
708711088997666817,2485,700
708479650088034305,2499,666
708469915515297792,3046,799
708400866336894977,15650,9821
708356463048204288,3509,1286
708349470027751425,2304,720
708149363256774660,4210,1521
708130923141795840,3316,833
708119489313951744,2641,961
708109389455101952,1912,540
708026248782585858,4313,1885
707995814724026368,3072,1104
707983188426153984,49,2
707969809498152960,2643,941
707776935007539200,3222,937
707741517457260545,2435,598
707738799544082433,4004,2408
707693576495472641,3332,966
707629649552134146,2524,851
707610948723478529,16645,6197
707420581654872064,2227,679
707411934438625280,2260,585
707387676719185920,3432,1254
707377100785885184,3210,1068
707315916783140866,2427,627
707297311098011648,2716,764
707059547140169728,2546,658
707038192327901184,2146,765
707021089608753152,4008,1325
707014260413456384,2270,585
706904523814649856,14297,7683
706901761596989440,2010,575
706681918348251136,3245,955
706644897839910912,2523,1064
706593038911545345,2115,618
706538006853918722,3411,1401
706516534877929472,3062,1014
706346369204748288,3386,905
706310011488698368,20886,7735
706291001778950144,1671,470
706265994973601792,2682,915
706169069255446529,3833,2155
706166467411222528,5068,1572
706153300320784384,1456,379
705975130514706432,3050,716
705970349788291072,3114,876
705898680587526145,2320,538
705786532653883392,1897,507
705591895322394625,3113,1125
705475953783398401,2902,890
705442520700944385,4344,1588
705428427625635840,3743,1642
705239209544720384,2949,734
705223444686888960,2544,782
705102439679201280,2105,508
705066031337840642,2148,610
704871453724954624,4206,1094
704859558691414016,2214,527
704847917308362754,4975,1493
704819833553219584,2592,963
704761120771465216,6520,2866
704499785726889984,2860,993
704491224099647488,736,76
704480331685040129,3328,1048
704364645503647744,7832,3474
704347321748819968,1550,343
704134088924532736,1480,447
704113298707505153,1815,561
704054845121142784,2868,896
703774238772166656,1810,448
703769065844768768,3214,1120
703631701117943808,2526,668
703611486317502464,3768,1498
703425003149250560,3741,1338
703407252292673536,2395,680
703382836347330562,3446,1119
703356393781329922,1879,377
703268521220972544,1943,535
703079050210877440,7253,3005
703041949650034688,25854,12190
702932127499816960,2533,706
702899151802126337,1591,445
702684942141153280,3170,1054
702671118226825216,2165,547
702598099714314240,12023,3366
702539513671897089,2834,940
702332542343577600,3126,1515
702321140488925184,3224,1023
702276748847800320,2426,754
702217446468493312,4686,1313
701981390485725185,3388,966
701952816642965504,3790,1005
701889187134500865,3480,1358
701805642395348998,3349,1638
701601587219795968,2063,441
701570477911896070,2766,908
701545186879471618,2619,598
701214700881756160,11987,4981
700890391244103680,2187,557
700864154249383937,2553,608
700847567345688576,2409,493
700796979434098688,2398,917
700747788515020802,22425,9082
700518061187723268,2564,781
700505138482569216,2257,555
700462010979500032,4056,1751
700167517596164096,2590,715
700151421916807169,2207,657
700143752053182464,7390,2653
700062718104104960,2606,676
700029284593901568,2041,575
700002074055016451,3254,1310
699801817392291840,3005,933
699788877217865730,2195,500
699779630832685056,2693,1206
699775878809702401,1931,591
699691744225525762,10115,4512
699446877801091073,5853,2561
699434518667751424,2128,503
699423671849451520,1337,318
699413908797464576,2046,617
699370870310113280,1860,430
699323444782047232,3093,847
699088579889332224,2212,619
699079609774645248,2408,640
699072405256409088,2915,1167
699060279947165696,3675,1761
699036661657767936,2563,1177
698989035503689728,3285,953
698953797952008193,2632,889
698907974262222848,2494,610
698710712454139905,2421,662
698703483621523456,1426,368
698635131305795584,1273,336
698549713696649216,2280,613
698355670425473025,1814,435
698342080612007937,2227,942
698262614669991936,4679,1960
698195409219559425,16477,5840
698178924120031232,2768,725
697995514407682048,1496,328
697990423684476929,3233,1266
697943111201378304,2350,660
697881462549430272,2964,1149
697630435728322560,1713,528
697616773278015490,3098,991
697596423848730625,2965,1235
697575480820686848,2012,489
697516214579523584,2014,1089
697482927769255936,2374,655
697463031882764288,3362,1372
697270446429966336,4615,1837
697259378236399616,3243,979
697255105972801536,2993,1136
697242256848379904,2470,653
696900204696625153,3113,1002
696894894812565505,2311,669
696886256886657024,4761,1757
696877980375769088,2407,696
696754882863349760,1458,355
696744641916489729,2036,915
696713835009417216,2338,636
696518437233913856,3842,1679
696490539101908992,1193,139
696488710901260288,2470,999
696405997980676096,3148,1132
696100768806522880,1892,636
695816827381944320,2963,1140
695794761660297217,3108,750
695767669421768709,1822,724
695629776980148225,4489,2048
695446424020918272,4326,1775
695409464418041856,8529,3494
695314793360662529,3565,1420
695095422348574720,2590,600
695074328191332352,2795,1069
695064344191721472,1578,580
695051054296211456,2617,776
694925794720792577,2647,900
694905863685980160,2703,915
694669722378485760,35201,14045
694356675654983680,1479,281
694352839993344000,2001,601
694342028726001664,1553,477
694329668942569472,1962,491
694206574471057408,4093,1994
694183373896572928,2904,911
694001791655137281,3341,1002
693993230313091072,1845,394
693942351086120961,1719,359
693647888581312512,2633,572
693644216740769793,1325,122
693642232151285760,2496,405
693629975228977152,2402,776
693622659251335168,1506,367
693590843962331137,4958,1910
693582294167244802,1613,240
693486665285931008,1744,621
693280720173801472,3293,1211
693267061318012928,2341,799
693262851218264065,2168,488
693231807727280129,2825,722
693155686491000832,7753,3143
693109034023534592,1682,596
693095443459342336,1821,448
692919143163629568,2632,735
692905862751522816,2384,851
692901601640583168,1728,591
692894228850999298,2222,781
692828166163931137,2809,867
692752401762250755,6688,3561
692568918515392513,4283,1501
692535307825213440,3103,1333
692530551048294401,1803,405
692423280028966913,1451,223
692417313023332352,9203,3382
692187005137076224,2496,798
692158366030913536,2116,775
692142790915014657,1620,385
692041934689402880,3350,1237
692017291282812928,2842,934
691820333922455552,3900,1619
691793053716221953,8003,4133
691756958957883396,2799,974
691675652215414786,1925,498
691483041324204033,2347,551
691459709405118465,3980,1119
691444869282295808,2600,834
691416866452082688,18981,7470
691321916024623104,2526,644
691096613310316544,2925,863
691090071332753408,1698,326
690989312272396288,5806,2814
690959652130045952,3515,1217
690938899477221376,4018,1903
690932576555528194,3226,994
690735892932222976,3714,1239
690728923253055490,2144,508
690690673629138944,2292,804
690649993829576704,1281,271
690607260360429569,292,18
690597161306841088,1923,587
690400367696297985,1856,441
690374419777196032,3200,829
690360449368465409,2630,863
690348396616552449,1485,503
690248561355657216,1650,408
690021994562220032,2743,1006
690015576308211712,2447,716
690005060500217858,3608,1648
689999384604450816,1397,360
689993469801164801,1435,440
689977555533848577,1347,437
689905486972461056,2407,689
689877686181715968,2991,1137
689835978131935233,2136,734
689661964914655233,3177,909
689659372465688576,10195,3768
689623661272240129,2196,628
689599056876867584,11456,5395
689557536375177216,2008,448
689517482558820352,3345,1397
689289219123089408,2217,919
689283819090870273,3210,1075
689280876073582592,1952,692
689275259254616065,1127,241
689255633275777024,2514,1060
689154315265683456,3025,977
689143371370250240,1992,498
688916208532455424,2669,846
688908934925697024,2085,746
688898160958271489,2060,765
688894073864884227,2200,669
688828561667567616,1361,365
688804835492233216,950,190
688789766343622656,2182,651
688547210804498433,2549,682
688519176466644993,2277,714
688385280030670848,9131,4387
688211956440801280,2201,811
688179443353796608,2102,575
688116655151435777,2782,758
688064179421470721,1706,354
687841446767013888,5372,2447
687826841265172480,2707,1098
687818504314159109,2440,931
687807801670897665,2355,702
687732144991551489,1720,649
687704180304273409,2391,823
687664829264453632,1902,502
687494652870668288,1863,563
687480748861947905,1575,232
687476254459715584,1948,521
687460506001633280,2028,536
687399393394311168,1859,604
687317306314240000,19808,8974
687312378585812992,4281,1854
687127927494963200,5339,2223
687124485711986689,2140,494
687109925361856513,5690,2400
687102708889812993,2313,955
687096057537363968,2199,594
686947101016735744,8494,3125
686760001961103360,3460,1353
686749460672679938,3421,1418
686730991906516992,4070,1172
686683045143953408,2775,783
686618349602762752,3639,1333
686606069955735556,1859,535
686394059078897668,1712,678
686386521809772549,3200,862
686377065986265092,2165,552
686358356425093120,2146,653
686286779679375361,3940,1629
686050296934563840,2180,712
686035780142297088,1130,114
686034024800862208,3024,1119
686007916130873345,2436,398
686003207160610816,1794,611
685973236358713344,2065,513
685943807276412928,1599,578
685906723014619143,7365,2804
685681090388975616,1994,119
685667379192414208,2322,550
685663452032069632,3173,1421
685641971164143616,2880,759
685547936038666240,32323,15251
685532292383666176,2981,1136
685325112850124800,9283,3873
685321586178670592,2600,622
685315239903100929,3241,1017
685307451701334016,2039,429
685268753634967552,3043,1175
685198997565345792,2298,653
685169283572338688,4040,1398
684969860808454144,2353,360
684959798585110529,6706,3052
684940049151070208,3155,1019
684926975086034944,3425,454
684914660081053696,3448,1419
684902183876321280,1830,517
684880619965411328,2050,793
684830982659280897,34401,21196
684800227459624960,2688,980
684594889858887680,8756,3435
684588130326986752,4050,1378
684567543613382656,2963,1185
684538444857667585,2605,925
684481074559381504,3813,1145
684460069371654144,1932,546
684241637099323392,7968,3195
684225744407494656,1207,202
684222868335505415,3751,1331
684200372118904832,2114,1017
684195085588783105,1870,497
684188786104872960,3433,1143
684177701129875456,1985,652
684147889187209216,2941,1488
684122891630342144,1976,461
684097758874210310,4040,1401
683857920510050305,3737,1097
683852578183077888,1903,339
683849932751646720,2561,935
683834909291606017,2577,1090
683828599284170753,2745,1046
683773439333797890,3286,1316
683742671509258241,6350,3223
683515932363329536,7200,2819
683498322573824003,3116,942
683481228088049664,2619,975
683462770029932544,2382,659
683449695444799489,3815,1578
683391852557561860,7516,2351
683357973142474752,2855,900
683142553609318400,2822,1017
683111407806746624,3339,891
683098815881154561,2126,642
683078886620553216,1955,550
683030066213818368,2128,726
682962037429899265,36099,16121
682808988178739200,1747,165
682788441537560576,2435,1084
682750546109968385,1495,427
682697186228989953,1293,355
682662431982772225,3001,1053
682638830361513985,2042,583
682429480204398592,3367,1128
682406705142087680,7419,1723
682393905736888321,2190,654
682389078323662849,1626,450
682303737705140231,2997,953
682259524040966145,4051,1171
682242692827447297,3172,1133
682088079302213632,17871,9616
682059653698686977,4846,1635
682047327939461121,3130,919
682032003584274432,6464,1952
682003177596559360,3058,1483
681981167097122816,2760,1010
681891461017812993,2424,796
681694085539872773,12576,3972
681679526984871937,1740,430
681654059175129088,2588,907
681610798867845120,1865,453
681579835668455424,3487,1269
681523177663676416,14015,5621
681340665377193984,1611,272
681339448655802368,9104,3994
681320187870711809,2597,721
681302363064414209,3848,1773
681297372102656000,3151,927
681281657291280384,3172,1073
681261549936340994,1431,265
681242418453299201,1455,516
681231109724700672,2360,470
681193455364796417,3619,1438
680970795137544192,2373,643
680959110691590145,4488,1958
680940246314430465,3141,1016
680934982542561280,2056,425
680913438424612864,2361,607
680889648562991104,1726,356
680836378243002368,3398,1291
680805554198020098,2114,650
680801747103793152,2336,801
680798457301471234,2787,1005
680609293079592961,2570,681
680583894916304897,3549,1300
680497766108381184,4156,1862
680494726643068929,1682,476
680473011644985345,2491,730
680440374763077632,1419,487
680221482581123072,1439,286
680206703334408192,2771,1130
680191257256136705,2102,483
680176173301628928,3816,1504
680161097740095489,2276,718
680145970311643136,3537,1698
680130881361686529,2241,911
680115823365742593,2663,878
680100725817409536,3498,1335
680085611152338944,12550,8759
680070545539371008,2530,835
679877062409191424,1946,634
679872969355714560,2146,647
679862121895714818,2402,600
679854723806179328,2790,1195
679844490799091713,2320,740
679828447187857408,35492,13617
679777920601223168,3042,1070
679736210798047232,2050,769
679729593985699840,2120,802
679722016581222400,1628,456
679530280114372609,4679,2025
679527802031484928,2581,703
679511351870550016,3283,1229
679503373272485890,3102,1427
679475951516934144,2050,620
679462823135686656,30822,18247
679405845277462528,2318,1166
679158373988876288,20758,7798
679148763231985668,2718,996
679132435750195208,2917,1119
679111216690831360,5832,2505
679062614270468097,16522,7817
679047485189439488,2196,643
679001094530465792,2765,1184
678991772295516161,2237,1119
678969228704284672,1603,441
678800283649069056,2506,866
678798276842360832,3374,1120
678774928607469569,2743,876
678767140346941444,3442,1319
678764513869611008,1599,461
678755239630127104,6913,3167
678740035362037760,3649,1616
678708137298427904,5459,2352
678675843183484930,2789,1409
678643457146150913,1993,389
678446151570427904,3899,1489
678424312106393600,5327,2462
678410210315247616,4095,1742
678399652199309312,78074,30839
678396796259975168,1553,402
678389028614488064,1821,407
678380236862578688,2372,877
678341075375947776,1690,514
678334497360859136,1269,240
678278586130948096,11124,5896
678255464182861824,1547,353
678023323247357953,1859,370
678021115718029313,13238,6122
677961670166224897,3326,1632
677918531514703872,1299,393
677895101218201600,4683,2002
677716515794329600,2964,945
677700003327029250,3303,1399
677698403548192770,1196,309
677687604918272002,2428,817
677673981332312066,3234,1450
677662372920729601,1891,920
677644091929329666,1797,773
677573743309385728,2076,679
677565715327688705,1265,445
677557565589463040,2379,1116
677547928504967168,6735,3554
677530072887205888,1034,221
677335745548390400,2958,1704
677334615166730240,1308,275
677331501395156992,1053,227
677328882937298944,3545,1450
677314812125323265,1591,517
677301033169788928,1198,390
677269281705472000,1918,683
677228873407442944,3449,1581
677187300187611136,2654,882
676975532580409345,2680,1027
676957860086095872,2171,783
676949632774234114,1266,382
676948236477857792,2088,833
676946864479084545,1679,352
676942428000112642,2002,721
676936541936185344,12324,4757
676916996760600576,2881,1746
676897532954456065,2177,703
676864501615042560,2030,679
676821958043033607,22184,14966
676819651066732545,1755,638
676811746707918848,1379,409
676776431406465024,4834,1951
676617503762681856,2792,921
676613908052996102,1043,193
676606785097199616,1834,415
676603393314578432,1122,369
676593408224403456,4399,2071
676590572941893632,890,116
676588346097852417,2229,751
676582956622721024,1150,263
676575501977128964,2487,1073
676533798876651520,1817,530
676496375194980353,1470,511
676470639084101634,11216,4487
676440007570247681,1663,636
676430933382295552,1350,326
676263575653122048,2011,516
676237365392908289,1164,274
676219687039057920,73889,29826
676215927814406144,1675,552
676191832485810177,2196,994
676146341966438401,1853,635
676121918416756736,2090,1119
676101918813499392,2735,1121
676098748976615425,2884,1357
676089483918516224,1263,421
675898130735476737,1551,550
675891555769696257,2043,819
675888385639251968,2283,918
675878199931371520,4023,1345
675870721063669760,1564,541
675853064436391936,2589,1237
675849018447167488,906,137
675845657354215424,2181,839
675822767435051008,1468,515
675820929667219457,1004,225
675798442703122432,9883,3287
675781562965868544,1561,448
675740360753160193,1121,327
675710890956750848,1810,777
675707330206547968,1893,651
675706639471788032,623,90
675534494439489536,1767,393
675531475945709568,1139,365
675522403582218240,997,274
675517828909424640,1239,446
675501075957489664,16508,5585
675497103322386432,3011,1228
675489971617296384,1241,566
675483430902214656,1773,936
675432746517426176,1460,545
675372240448454658,1617,495
675362609739206656,1018,221
675354435921575936,31212,16024
675349384339542016,3764,2166
675334060156301312,2649,1228
675166823650848770,3413,1513
675153376133427200,5982,2450
675149409102012420,3594,1605
675147105808306176,901,219
675146535592706048,1130,281
675145476954566656,2043,847
675135153782571009,1250,453
675113801096802304,1865,748
675111688094527488,919,239
675109292475830276,2688,1079
675047298674663426,1021,304
675015141583413248,2580,1121
675006312288268288,936,211
675003128568291329,1495,436
674999807681908736,2145,1053
674805413498527744,823,339
674800520222154752,2882,811
674793399141146624,2390,1035
674790488185167872,1052,240
674788554665512960,773,200
674781762103414784,1916,1134
674774481756377088,1062,447
674767892831932416,1741,739
674764817387900928,755,225
674754018082705410,1310,417
674752233200820224,1402,439
674743008475090944,1332,520
674742531037511680,461,49
674739953134403584,1052,367
674737130913071104,617,82
674690135443775488,1096,448
674670581682434048,1536,611
674664755118911488,874,234
674646392044941312,1370,461
674644256330530816,990,259
674638615994089473,1610,557
674632714662858753,1439,545
674606911342424069,897,93
674468880899788800,5958,1929
674447403907457024,1018,343
674436901579923456,1060,369
674422304705744896,1368,513
674416750885273600,661,130
674410619106390016,1147,437
674394782723014656,1447,543
674372068062928900,815,301
674330906434379776,542,72
674318007229923329,1342,493
674307341513269249,10841,6582
674291837063053312,14023,5548
674271431610523648,1493,692
674269164442398721,869,217
674265582246694913,1560,802
674262580978937856,1249,427
674255168825880576,1395,515
674082852460433408,727,157
674075285688614912,945,269
674063288070742018,6080,2066
674053186244734976,3139,1223
674051556661161984,1385,464
674045139690631169,1340,607
674042553264685056,686,119
674038233588723717,1054,398
674036086168010753,813,193
674024893172875264,1695,1154
674019345211760640,1076,287
674014384960745472,1486,603
674008982932058114,1141,336
673956914389192708,1865,902
673919437611909120,1119,352
673906403526995968,3022,1546
673887867907739649,898,240
673716320723169284,2937,710
673715861853720576,3368,1948
673711475735838725,996,282
673709992831262724,799,253
673708611235921920,1025,270
673707060090052608,1048,370
673705679337693185,1203,388
673700254269775872,1363,536
673697980713705472,3771,1848
673689733134946305,1658,609
673688752737402881,1204,465
673686845050527744,1366,407
673680198160809984,1308,436
673662677122719744,1193,345
673656262056419329,689,221
673636718965334016,1047,340
673612854080196609,1525,678
673583129559498752,1142,338
673580926094458881,790,260
673576835670777856,1317,530
673363615379013632,978,287
673359818736984064,1377,632
673355879178194945,1429,539
673352124999274496,1587,509
673350198937153538,716,195
673345638550134785,2387,1187
673343217010679808,920,255
673342308415348736,1209,539
673320132811366400,12779,7404
673317986296586240,836,237
673295268553605120,7158,2978
673270968295534593,1019,344
673240798075449344,1360,671
673213039743795200,2126,789
673148804208660480,1616,588
672997845381865473,1879,672
672995267319328768,904,272
672988786805112832,934,271
672984142909456390,1199,514
672980819271634944,1732,953
672975131468300288,1590,848
672970152493887488,905,336
672968025906282496,1263,508
672964561327235073,1360,608
672902681409806336,1304,463
672898206762672129,857,400
672884426393653248,1465,795
672877615439593473,983,329
672834301050937345,1245,536
672828477930868736,1191,460
672640509974827008,929,296
672622327801233409,1226,456
672614745925664768,1165,548
672609152938721280,1054,366
672604026190569472,1049,377
672594978741354496,1261,579
672591762242805761,906,318
672591271085670400,681,176
672538107540070400,974,343
672523490734551040,595,157
672488522314567680,1055,406
672482722825261057,1067,561
672481316919734272,685,122
672475084225949696,1372,657
672466075045466113,1289,498
672272411274932228,6115,3157
672267570918129665,1412,580
672264251789176834,1079,313
672256522047614977,2685,1443
672254177670729728,1363,697
672248013293752320,1647,564
672245253877968896,646,144
672239279297454080,853,302
672231046314901505,1731,948
672222792075620352,749,199
672205392827572224,2138,1081
672169685991993344,971,344
672160042234327040,833,336
672139350159835138,1647,652
672125275208069120,2265,1073
672095186491711488,943,343
672082170312290304,897,345
672068090318987265,1225,479
671896809300709376,8076,3931
671891728106971137,1250,538
671882082306625538,3286,1305
671879137494245376,1342,625
671874878652489728,1190,518
671866342182637568,1059,462
671855973984772097,852,407
671789708968640512,6699,3251
671768281401958400,1130,462
671763349865160704,1584,847
671744970634719232,1283,714
671743150407421952,715,223
671735591348891648,1366,705
671729906628341761,8061,4084
671561002136281088,12115,6793
671550332464455680,864,197
671547767500775424,1276,551
671544874165002241,1860,986
671542985629241344,1035,530
671538301157904385,879,362
671536543010570240,1107,380
671533943490011136,963,544
671528761649688577,794,241
671520732782923777,1322,497
671518598289059840,895,279
671511350426865664,1506,663
671504605491109889,6617,3346
671497587707535361,871,421
671488513339211776,945,450
671486386088865792,548,183
671485057807351808,720,220
671390180817915904,1365,697
671362598324076544,1049,279
671357843010908160,378,145
671355857343524864,457,112
671347597085433856,905,400
671186162933985280,696,194
671182547775299584,1057,315
671166507850801152,828,323
671163268581498880,1557,1028
671159727754231808,344,74
671154572044468225,669,206
671151324042559489,630,141
671147085991960577,630,202
671141549288370177,1088,618
671138694582165504,877,374
671134062904504320,703,178
671122204919246848,3298,2349
671115716440031232,1296,728
671109016219725825,1084,409
670995969505435648,1051,272
670842764863651840,23414,8155
670840546554966016,552,181
670838202509447168,1051,646
670833812859932673,413,114
670832455012716544,692,202
670826280409919488,5221,3805
670823764196741120,735,175
670822709593571328,574,90
670815497391357952,3005,1442
670811965569282048,1066,253
670807719151067136,1105,459
670804601705242624,1854,901
670803562457407488,322,83
670797304698376195,698,221
670792680469889025,783,257
670789397210615808,627,223
670786190031921152,567,187
670783437142401025,785,359
670782429121134593,1460,721
670780561024270336,753,270
670778058496974848,317,69
670764103623966721,1028,393
670755717859713024,416,99
670733412878163972,906,476
670727704916926465,788,335
670717338665226240,1128,450
670704688707301377,734,346
670691627984359425,558,227
670679630144274432,711,264
670676092097810432,234,38
670668383499735048,10127,4682
670474236058800128,1423,693
670468609693655041,337,82
670465786746662913,921,511
670452855871037440,521,190
670449342516494336,1144,607
670444955656130560,6381,1867
670442337873600512,613,187
670435821946826752,1000,481
670434127938719744,1336,604
670433248821026816,313,104
670428280563085312,1320,579
670427002554466305,494,148
670421925039075328,1238,598
670420569653809152,586,296
670417414769758208,539,303
670411370698022913,1909,832
670408998013820928,526,206
670403879788544000,408,143
670385711116361728,535,191
670374371102445568,710,251
670361874861563904,313,60
670338931251150849,406,101
670319130621435904,3694,1143
670303360680108032,411,123
670290420111441920,659,268
670093938074779648,973,310
670086499208155136,659,237
670079681849372674,2102,1145
670073503555706880,1480,741
670069087419133954,589,223
670061506722140161,718,310
670055038660800512,631,305
670046952931721218,615,160
670040295598354432,713,104
670037189829525505,561,256
670003130994700288,315,84
669993076832759809,306,78
669972011175813120,419,147
669970042633789440,285,51
669942763794931712,478,148
669926384437997569,358,89
669923323644657664,224,53
669753178989142016,758,372
669749430875258880,245,62
669684865554620416,483,83
669683899023405056,362,102
669682095984410625,334,127
669680153564442624,631,268
669661792646373376,768,401
669625907762618368,3338,1696
669603084620980224,902,338
669597912108789760,485,142
669583744538451968,1401,867
669573570759163904,413,130
669571471778410496,1504,951
669567591774625800,220,48
669564461267722241,369,112
669393256313184256,340,69
669375718304980992,1255,678
669371483794317312,466,167
669367896104181761,435,141
669363888236994561,592,214
669359674819481600,350,113
669354382627049472,2552,1197
669353438988365824,595,243
669351434509529089,409,169
669328503091937280,963,390
669327207240699904,545,114
669324657376567296,468,195
669216679721873412,1131,377
669214165781868544,413,149
669203728096960512,953,435
669037058363662336,622,290
669015743032369152,705,348
669006782128353280,546,229
669000397445533696,19807,5966
668994913074286592,418,209
668992363537309700,708,316
668989615043424256,632,309
668988183816871936,854,434
668986018524233728,520,153
668981893510119424,511,281
668979806671884288,754,327
668975677807423489,1236,545
668967877119254528,135,21
668960084974809088,664,229
668955713004314625,260,66
668932921458302977,246,53
668902994700836864,301,94
668892474547511297,377,138
668872652652679168,499,281
668852170888998912,426,149
668826086256599040,411,124
668815180734689280,524,244
668779399630725120,673,345
668655139528511488,495,205
668645506898350081,822,495
668643542311546881,823,487
668641109086707712,1007,504
668636665813057536,981,462
668633411083464705,2649,1495
668631377374486528,672,297
668627278264475648,296,104
668625577880875008,361,120
668623201287675904,1341,702
668620235289837568,187,37
668614819948453888,582,298
668587383441514497,1576,999
668567822092664832,227,49
668544745690562560,484,214
668542336805281792,430,198
668537837512433665,240,67
668528771708952576,439,207
668507509523615744,310,98
668496999348633600,383,121
668484198282485761,402,220
668480044826800133,432,136
668466899341221888,840,476
668297328638447616,593,275
668291999406125056,229,29
668286279830867968,477,128
668274247790391296,774,220
668268907921326080,522,220
668256321989451776,1220,557
668248472370458624,906,445
668237644992782336,5849,2648
668226093875376128,281,96
668221241640230912,488,183
668204964695683073,527,183
668190681446379520,610,188
668171859951755264,457,178
668154635664932864,470,290
668142349051129856,547,260
668113020489474048,631,218
667937095915278337,1180,742
667924896115245057,277,100
667915453470232577,197,53
667911425562669056,468,278
667902449697558528,813,355
667886921285246976,1772,1000
667885044254572545,778,436
667878741721415682,373,110
667873844930215936,590,379
667866724293877760,2866,968
667861340749471744,230,74
667832474953625600,279,58
667806454573760512,997,454
667801013445750784,311,89
667793409583771648,667,309
667782464991965184,392,230
667773195014021121,220,50
667766675769573376,415,201
667728196545200128,361,143
667724302356258817,454,299
667550904950915073,0,31
667550882905632768,0,29
667549055577362432,5452,2102
667546741521195010,321,115
667544320556335104,810,492
667538891197542400,192,60
667534815156183040,771,491
667530908589760512,441,221
667524857454854144,1604,1048
667517642048163840,349,179
667509364010450944,6430,1990
667502640335572993,513,208
667495797102141441,494,248
667491009379606528,496,210
667470559035432960,243,89
667455448082227200,180,56
667453023279554560,296,81
667443425659232256,740,539
667437278097252352,424,221
667435689202614272,292,79
667405339315146752,441,207
667393430834667520,182,51
667369227918143488,346,151
667211855547486208,459,223
667200525029539841,579,243
667192066997374976,361,91
667188689915760640,704,369
667182792070062081,13463,5720
667177989038297088,180,51
667176164155375616,573,423
667174963120574464,233,72
667171260800061440,206,77
667165590075940865,2531,1046
667160273090932737,240,57
667152164079423490,44922,15724
667138269671505920,4306,2029
667119796878725120,314,121
667090893657276420,315,116
667073648344346624,376,109
667070482143944705,78,13
667065535570550784,160,41
667062181243039745,206,48
667044094246576128,175,45
667012601033924608,423,207
666996132027977728,227,82
666983947667116034,2390,905
666837028449972224,760,511
666835007768551424,198,74
666826780179869698,238,84
666817836334096384,478,234
666804364988780544,219,84
666786068205871104,707,443
666781792255496192,361,175
666776908487630848,323,156
666739327293083650,221,60
666701168228331520,400,201
666691418707132416,174,45
666649482315059201,1049,573
666644823164719104,220,74
666454714377183233,481,198
666447344410484738,95,18
666437273139982337,114,42
666435652385423360,152,45
666430724426358785,292,174
666428276349472768,151,73
666421158376562688,294,103
666418789513326592,112,41
666411507551481857,404,289
666407126856765440,98,32
666396247373291520,155,73
666373753744588802,171,80
666362758909284353,712,506
666353288456101888,194,64
666345417576210432,271,128
666337882303524864,180,82
666293911632134144,459,313
666287406224695296,133,58
666273097616637952,159,70
666268910803644416,94,32
666104133288665088,13445,5889
666102155909144576,70,11
666099513787052032,142,58
666094000022159362,153,66
666082916733198337,102,41
666073100786774016,291,142
666071193221509120,135,52
666063827256086533,444,194
666058600524156928,104,52
666057090499244032,266,123
666055525042405380,406,217
666051853826850816,1111,760
666050758794694657,123,51
666049248165822465,96,40
666044226329800704,265,127
666033412701032449,111,40
666029285002620928,120,42
666020888022790149,2380,457
